{
 "cells": [
  {
   "cell_type": "code",
   "execution_count": 6,
   "metadata": {},
   "outputs": [],
   "source": [
    "import torch\n",
    "import torch.nn as nn\n",
    "import torch.nn.functional as F\n",
    "from torchvision import models\n",
    "import skimage\n",
    "from skimage import io\n",
    "import os\n",
    "import glob\n",
    "import numpy as np\n",
    "from skimage import exposure, measure\n",
    "from skimage.transform import rotate\n",
    "import re\n",
    "from torch.utils.data import Dataset"
   ]
  },
  {
   "cell_type": "code",
   "execution_count": 7,
   "metadata": {},
   "outputs": [],
   "source": [
    "def dir_to_file_lists(directory):\n",
    "    os.chdir(directory)\n",
    "    input_list = []\n",
    "    target_list = []\n",
    "    all_tifs = glob.glob(\"*.tif\")\n",
    "    input_tifs = [file for file in all_tifs if '_channel2_' in file]\n",
    "    input_tifs.sort()\n",
    "    output_tifs = [file for file in all_tifs if '_channel6_' in file]\n",
    "    output_tifs.sort()\n",
    "    return(input_tifs, output_tifs)"
   ]
  },
  {
   "cell_type": "code",
   "execution_count": 8,
   "metadata": {},
   "outputs": [],
   "source": [
    "input_tifs, output_tifs = dir_to_file_lists('/gpfs/data/lionnetlab/cellvision/pilotdata/20181009-top50')"
   ]
  },
  {
   "cell_type": "code",
   "execution_count": 9,
   "metadata": {},
   "outputs": [],
   "source": [
    "def image_to_matrix_dataset(file_list):\n",
    "    \"\"\"\n",
    "    funciton takes list of file names and returns list of matrices\n",
    "    list will be 6 times as long since data is flipped + rotated too\n",
    "    \"\"\"\n",
    "    \n",
    "    mat_list = []\n",
    "    for file in file_list:\n",
    "        orig = io.imread(file)\n",
    "        mat_list.append(orig)\n",
    "        \n",
    "        #vertical flip\n",
    "        vert_flip = orig[::-1]\n",
    "        mat_list.append(vert_flip)\n",
    "        \n",
    "        #horizonal flip\n",
    "        horiz_flip = np.flip(orig,1)\n",
    "        mat_list.append(horiz_flip)\n",
    "        \n",
    "        #rotate 90 degrees\n",
    "        rot_90 = rotate(orig, 90)\n",
    "        mat_list.append(rot_90)\n",
    "        \n",
    "        #rotate 180 degrees\n",
    "        rot_180 = rotate(orig, 180)\n",
    "        mat_list.append(rot_180)\n",
    "        \n",
    "        #rotate 270 degrees\n",
    "        rot_270 = rotate(orig, 270)\n",
    "        mat_list.append(rot_270)\n",
    "    return(mat_list)"
   ]
  },
  {
   "cell_type": "code",
   "execution_count": 13,
   "metadata": {},
   "outputs": [],
   "source": [
    "input_tifs_mats = image_to_matrix_dataset(input_tifs[:100])\n",
    "output_tifs_mats = image_to_matrix_dataset(output_tifs[:100])\n",
    "# write to pickle\n",
    "\n",
    "# read from pickle"
   ]
  },
  {
   "cell_type": "code",
   "execution_count": 17,
   "metadata": {},
   "outputs": [],
   "source": [
    "class two_image_dataset(Dataset):\n",
    "    \n",
    "    def __init__(self, input_tifs_mats, output_tifs_mats):\n",
    "        \n",
    "        self.input_tifs_mats = input_tifs_mats\n",
    "        self.output_tifs_mats = output_tifs_mats\n",
    "        assert (len(self.input_tifs_mats) == len(self.output_tifs_mats))\n",
    "    \n",
    "    def __len__(self):\n",
    "        return len(self.input_tifs_mats)\n",
    "    \n",
    "    def __getitem__(self, key):\n",
    "        \"\"\"\n",
    "        Triggered when you call dataset[i]\n",
    "        \"\"\"\n",
    "        input_mat = self.input_tifs_mats[key]\n",
    "        output_mat = self.output_tifs_mats[key]\n",
    "        return [input_mat, output_mat]"
   ]
  },
  {
   "cell_type": "code",
   "execution_count": 18,
   "metadata": {},
   "outputs": [],
   "source": [
    "def two_image_collate_func(batch):\n",
    "    \"\"\"\n",
    "    function that returns input and target as tensors\n",
    "    \"\"\"\n",
    "    input_list = []\n",
    "    target_list = []\n",
    "    for datum in batch:\n",
    "        input_list.append(datum[0].astype(dtype = 'int32'))\n",
    "        target_list.append(datum[1].astype(dtype = 'int32'))\n",
    "    input_tensor = torch.from_numpy(np.array(input_list))\n",
    "    target_tensor = torch.from_numpy(np.array(input_list))\n",
    "    return [input_tensor, target_tensor]"
   ]
  },
  {
   "cell_type": "code",
   "execution_count": 21,
   "metadata": {},
   "outputs": [],
   "source": [
    "BATCH_SIZE = 4\n",
    "all_dataset = two_image_dataset(input_tifs_mats, output_tifs_mats)\n",
    "all_loader = torch.utils.data.DataLoader(dataset=all_dataset, \n",
    "                                           batch_size=BATCH_SIZE,\n",
    "                                           collate_fn=two_image_collate_func,\n",
    "                                           shuffle=False)"
   ]
  },
  {
   "cell_type": "code",
   "execution_count": null,
   "metadata": {},
   "outputs": [
    {
     "name": "stdout",
     "output_type": "stream",
     "text": [
      "0\n",
      "tensor([[[ 241,  215,  206,  ...,  286,  203,  211],\n",
      "         [ 217,  224,  228,  ...,  223,  176,  204],\n",
      "         [ 208,  219,  243,  ...,  245,  209,  208],\n",
      "         ...,\n",
      "         [1124, 1134, 1168,  ...,  345,  320,  350],\n",
      "         [1027, 1054, 1084,  ...,  346,  345,  336],\n",
      "         [1131, 1117, 1127,  ...,  317,  304,  381]],\n",
      "\n",
      "        [[1131, 1117, 1127,  ...,  317,  304,  381],\n",
      "         [1027, 1054, 1084,  ...,  346,  345,  336],\n",
      "         [1124, 1134, 1168,  ...,  345,  320,  350],\n",
      "         ...,\n",
      "         [ 208,  219,  243,  ...,  245,  209,  208],\n",
      "         [ 217,  224,  228,  ...,  223,  176,  204],\n",
      "         [ 241,  215,  206,  ...,  286,  203,  211]],\n",
      "\n",
      "        [[ 211,  203,  286,  ...,  206,  215,  241],\n",
      "         [ 204,  176,  223,  ...,  228,  224,  217],\n",
      "         [ 208,  209,  245,  ...,  243,  219,  208],\n",
      "         ...,\n",
      "         [ 350,  320,  345,  ..., 1168, 1134, 1124],\n",
      "         [ 336,  345,  346,  ..., 1084, 1054, 1027],\n",
      "         [ 381,  304,  317,  ..., 1127, 1117, 1131]],\n",
      "\n",
      "        [[   0,    0,    0,  ...,    0,    0,    0],\n",
      "         [   0,    0,    0,  ...,    0,    0,    0],\n",
      "         [   0,    0,    0,  ...,    0,    0,    0],\n",
      "         ...,\n",
      "         [   0,    0,    0,  ...,    0,    0,    0],\n",
      "         [   0,    0,    0,  ...,    0,    0,    0],\n",
      "         [   0,    0,    0,  ...,    0,    0,    0]]], dtype=torch.int32)\n",
      "tensor([[[ 241,  215,  206,  ...,  286,  203,  211],\n",
      "         [ 217,  224,  228,  ...,  223,  176,  204],\n",
      "         [ 208,  219,  243,  ...,  245,  209,  208],\n",
      "         ...,\n",
      "         [1124, 1134, 1168,  ...,  345,  320,  350],\n",
      "         [1027, 1054, 1084,  ...,  346,  345,  336],\n",
      "         [1131, 1117, 1127,  ...,  317,  304,  381]],\n",
      "\n",
      "        [[1131, 1117, 1127,  ...,  317,  304,  381],\n",
      "         [1027, 1054, 1084,  ...,  346,  345,  336],\n",
      "         [1124, 1134, 1168,  ...,  345,  320,  350],\n",
      "         ...,\n",
      "         [ 208,  219,  243,  ...,  245,  209,  208],\n",
      "         [ 217,  224,  228,  ...,  223,  176,  204],\n",
      "         [ 241,  215,  206,  ...,  286,  203,  211]],\n",
      "\n",
      "        [[ 211,  203,  286,  ...,  206,  215,  241],\n",
      "         [ 204,  176,  223,  ...,  228,  224,  217],\n",
      "         [ 208,  209,  245,  ...,  243,  219,  208],\n",
      "         ...,\n",
      "         [ 350,  320,  345,  ..., 1168, 1134, 1124],\n",
      "         [ 336,  345,  346,  ..., 1084, 1054, 1027],\n",
      "         [ 381,  304,  317,  ..., 1127, 1117, 1131]],\n",
      "\n",
      "        [[   0,    0,    0,  ...,    0,    0,    0],\n",
      "         [   0,    0,    0,  ...,    0,    0,    0],\n",
      "         [   0,    0,    0,  ...,    0,    0,    0],\n",
      "         ...,\n",
      "         [   0,    0,    0,  ...,    0,    0,    0],\n",
      "         [   0,    0,    0,  ...,    0,    0,    0],\n",
      "         [   0,    0,    0,  ...,    0,    0,    0]]], dtype=torch.int32)\n",
      "1\n",
      "tensor([[[   0,    0,    0,  ...,    0,    0,    0],\n",
      "         [   0,    0,    0,  ...,    0,    0,    0],\n",
      "         [   0,    0,    0,  ...,    0,    0,    0],\n",
      "         ...,\n",
      "         [   0,    0,    0,  ...,    0,    0,    0],\n",
      "         [   0,    0,    0,  ...,    0,    0,    0],\n",
      "         [   0,    0,    0,  ...,    0,    0,    0]],\n",
      "\n",
      "        [[   0,    0,    0,  ...,    0,    0,    0],\n",
      "         [   0,    0,    0,  ...,    0,    0,    0],\n",
      "         [   0,    0,    0,  ...,    0,    0,    0],\n",
      "         ...,\n",
      "         [   0,    0,    0,  ...,    0,    0,    0],\n",
      "         [   0,    0,    0,  ...,    0,    0,    0],\n",
      "         [   0,    0,    0,  ...,    0,    0,    0]],\n",
      "\n",
      "        [[ 219,  236,  224,  ...,  201,  221,  215],\n",
      "         [ 204,  209,  247,  ...,  241,  189,  185],\n",
      "         [ 195,  178,  223,  ...,  226,  230,  213],\n",
      "         ...,\n",
      "         [ 921,  974,  990,  ...,  310,  341,  265],\n",
      "         [ 940, 1094,  869,  ...,  282,  296,  319],\n",
      "         [ 976,  977, 1048,  ...,  317,  286,  306]],\n",
      "\n",
      "        [[ 976,  977, 1048,  ...,  317,  286,  306],\n",
      "         [ 940, 1094,  869,  ...,  282,  296,  319],\n",
      "         [ 921,  974,  990,  ...,  310,  341,  265],\n",
      "         ...,\n",
      "         [ 195,  178,  223,  ...,  226,  230,  213],\n",
      "         [ 204,  209,  247,  ...,  241,  189,  185],\n",
      "         [ 219,  236,  224,  ...,  201,  221,  215]]], dtype=torch.int32)\n",
      "tensor([[[   0,    0,    0,  ...,    0,    0,    0],\n",
      "         [   0,    0,    0,  ...,    0,    0,    0],\n",
      "         [   0,    0,    0,  ...,    0,    0,    0],\n",
      "         ...,\n",
      "         [   0,    0,    0,  ...,    0,    0,    0],\n",
      "         [   0,    0,    0,  ...,    0,    0,    0],\n",
      "         [   0,    0,    0,  ...,    0,    0,    0]],\n",
      "\n",
      "        [[   0,    0,    0,  ...,    0,    0,    0],\n",
      "         [   0,    0,    0,  ...,    0,    0,    0],\n",
      "         [   0,    0,    0,  ...,    0,    0,    0],\n",
      "         ...,\n",
      "         [   0,    0,    0,  ...,    0,    0,    0],\n",
      "         [   0,    0,    0,  ...,    0,    0,    0],\n",
      "         [   0,    0,    0,  ...,    0,    0,    0]],\n",
      "\n",
      "        [[ 219,  236,  224,  ...,  201,  221,  215],\n",
      "         [ 204,  209,  247,  ...,  241,  189,  185],\n",
      "         [ 195,  178,  223,  ...,  226,  230,  213],\n",
      "         ...,\n",
      "         [ 921,  974,  990,  ...,  310,  341,  265],\n",
      "         [ 940, 1094,  869,  ...,  282,  296,  319],\n",
      "         [ 976,  977, 1048,  ...,  317,  286,  306]],\n",
      "\n",
      "        [[ 976,  977, 1048,  ...,  317,  286,  306],\n",
      "         [ 940, 1094,  869,  ...,  282,  296,  319],\n",
      "         [ 921,  974,  990,  ...,  310,  341,  265],\n",
      "         ...,\n",
      "         [ 195,  178,  223,  ...,  226,  230,  213],\n",
      "         [ 204,  209,  247,  ...,  241,  189,  185],\n",
      "         [ 219,  236,  224,  ...,  201,  221,  215]]], dtype=torch.int32)\n",
      "2\n",
      "tensor([[[ 215,  221,  201,  ...,  224,  236,  219],\n",
      "         [ 185,  189,  241,  ...,  247,  209,  204],\n",
      "         [ 213,  230,  226,  ...,  223,  178,  195],\n",
      "         ...,\n",
      "         [ 265,  341,  310,  ...,  990,  974,  921],\n",
      "         [ 319,  296,  282,  ...,  869, 1094,  940],\n",
      "         [ 306,  286,  317,  ..., 1048,  977,  976]],\n",
      "\n",
      "        [[   0,    0,    0,  ...,    0,    0,    0],\n",
      "         [   0,    0,    0,  ...,    0,    0,    0],\n",
      "         [   0,    0,    0,  ...,    0,    0,    0],\n",
      "         ...,\n",
      "         [   0,    0,    0,  ...,    0,    0,    0],\n",
      "         [   0,    0,    0,  ...,    0,    0,    0],\n",
      "         [   0,    0,    0,  ...,    0,    0,    0]],\n",
      "\n",
      "        [[   0,    0,    0,  ...,    0,    0,    0],\n",
      "         [   0,    0,    0,  ...,    0,    0,    0],\n",
      "         [   0,    0,    0,  ...,    0,    0,    0],\n",
      "         ...,\n",
      "         [   0,    0,    0,  ...,    0,    0,    0],\n",
      "         [   0,    0,    0,  ...,    0,    0,    0],\n",
      "         [   0,    0,    0,  ...,    0,    0,    0]],\n",
      "\n",
      "        [[   0,    0,    0,  ...,    0,    0,    0],\n",
      "         [   0,    0,    0,  ...,    0,    0,    0],\n",
      "         [   0,    0,    0,  ...,    0,    0,    0],\n",
      "         ...,\n",
      "         [   0,    0,    0,  ...,    0,    0,    0],\n",
      "         [   0,    0,    0,  ...,    0,    0,    0],\n",
      "         [   0,    0,    0,  ...,    0,    0,    0]]], dtype=torch.int32)\n",
      "tensor([[[ 215,  221,  201,  ...,  224,  236,  219],\n",
      "         [ 185,  189,  241,  ...,  247,  209,  204],\n",
      "         [ 213,  230,  226,  ...,  223,  178,  195],\n",
      "         ...,\n",
      "         [ 265,  341,  310,  ...,  990,  974,  921],\n",
      "         [ 319,  296,  282,  ...,  869, 1094,  940],\n",
      "         [ 306,  286,  317,  ..., 1048,  977,  976]],\n",
      "\n",
      "        [[   0,    0,    0,  ...,    0,    0,    0],\n",
      "         [   0,    0,    0,  ...,    0,    0,    0],\n",
      "         [   0,    0,    0,  ...,    0,    0,    0],\n",
      "         ...,\n",
      "         [   0,    0,    0,  ...,    0,    0,    0],\n",
      "         [   0,    0,    0,  ...,    0,    0,    0],\n",
      "         [   0,    0,    0,  ...,    0,    0,    0]],\n",
      "\n",
      "        [[   0,    0,    0,  ...,    0,    0,    0],\n",
      "         [   0,    0,    0,  ...,    0,    0,    0],\n",
      "         [   0,    0,    0,  ...,    0,    0,    0],\n",
      "         ...,\n",
      "         [   0,    0,    0,  ...,    0,    0,    0],\n",
      "         [   0,    0,    0,  ...,    0,    0,    0],\n",
      "         [   0,    0,    0,  ...,    0,    0,    0]],\n",
      "\n",
      "        [[   0,    0,    0,  ...,    0,    0,    0],\n",
      "         [   0,    0,    0,  ...,    0,    0,    0],\n",
      "         [   0,    0,    0,  ...,    0,    0,    0],\n",
      "         ...,\n",
      "         [   0,    0,    0,  ...,    0,    0,    0],\n",
      "         [   0,    0,    0,  ...,    0,    0,    0],\n",
      "         [   0,    0,    0,  ...,    0,    0,    0]]], dtype=torch.int32)\n",
      "3\n",
      "tensor([[[231, 213, 202,  ..., 275, 243, 298],\n",
      "         [185, 273, 226,  ..., 235, 328, 262],\n",
      "         [223, 252, 241,  ..., 277, 239, 220],\n",
      "         ...,\n",
      "         [424, 381, 358,  ..., 408, 426, 473],\n",
      "         [351, 362, 417,  ..., 442, 485, 456],\n",
      "         [397, 391, 426,  ..., 497, 441, 442]],\n",
      "\n",
      "        [[397, 391, 426,  ..., 497, 441, 442],\n",
      "         [351, 362, 417,  ..., 442, 485, 456],\n",
      "         [424, 381, 358,  ..., 408, 426, 473],\n",
      "         ...,\n",
      "         [223, 252, 241,  ..., 277, 239, 220],\n",
      "         [185, 273, 226,  ..., 235, 328, 262],\n",
      "         [231, 213, 202,  ..., 275, 243, 298]],\n",
      "\n",
      "        [[298, 243, 275,  ..., 202, 213, 231],\n",
      "         [262, 328, 235,  ..., 226, 273, 185],\n",
      "         [220, 239, 277,  ..., 241, 252, 223],\n",
      "         ...,\n",
      "         [473, 426, 408,  ..., 358, 381, 424],\n",
      "         [456, 485, 442,  ..., 417, 362, 351],\n",
      "         [442, 441, 497,  ..., 426, 391, 397]],\n",
      "\n",
      "        [[  0,   0,   0,  ...,   0,   0,   0],\n",
      "         [  0,   0,   0,  ...,   0,   0,   0],\n",
      "         [  0,   0,   0,  ...,   0,   0,   0],\n",
      "         ...,\n",
      "         [  0,   0,   0,  ...,   0,   0,   0],\n",
      "         [  0,   0,   0,  ...,   0,   0,   0],\n",
      "         [  0,   0,   0,  ...,   0,   0,   0]]], dtype=torch.int32)\n"
     ]
    },
    {
     "name": "stdout",
     "output_type": "stream",
     "text": [
      "tensor([[[231, 213, 202,  ..., 275, 243, 298],\n",
      "         [185, 273, 226,  ..., 235, 328, 262],\n",
      "         [223, 252, 241,  ..., 277, 239, 220],\n",
      "         ...,\n",
      "         [424, 381, 358,  ..., 408, 426, 473],\n",
      "         [351, 362, 417,  ..., 442, 485, 456],\n",
      "         [397, 391, 426,  ..., 497, 441, 442]],\n",
      "\n",
      "        [[397, 391, 426,  ..., 497, 441, 442],\n",
      "         [351, 362, 417,  ..., 442, 485, 456],\n",
      "         [424, 381, 358,  ..., 408, 426, 473],\n",
      "         ...,\n",
      "         [223, 252, 241,  ..., 277, 239, 220],\n",
      "         [185, 273, 226,  ..., 235, 328, 262],\n",
      "         [231, 213, 202,  ..., 275, 243, 298]],\n",
      "\n",
      "        [[298, 243, 275,  ..., 202, 213, 231],\n",
      "         [262, 328, 235,  ..., 226, 273, 185],\n",
      "         [220, 239, 277,  ..., 241, 252, 223],\n",
      "         ...,\n",
      "         [473, 426, 408,  ..., 358, 381, 424],\n",
      "         [456, 485, 442,  ..., 417, 362, 351],\n",
      "         [442, 441, 497,  ..., 426, 391, 397]],\n",
      "\n",
      "        [[  0,   0,   0,  ...,   0,   0,   0],\n",
      "         [  0,   0,   0,  ...,   0,   0,   0],\n",
      "         [  0,   0,   0,  ...,   0,   0,   0],\n",
      "         ...,\n",
      "         [  0,   0,   0,  ...,   0,   0,   0],\n",
      "         [  0,   0,   0,  ...,   0,   0,   0],\n",
      "         [  0,   0,   0,  ...,   0,   0,   0]]], dtype=torch.int32)\n",
      "4\n",
      "tensor([[[   0,    0,    0,  ...,    0,    0,    0],\n",
      "         [   0,    0,    0,  ...,    0,    0,    0],\n",
      "         [   0,    0,    0,  ...,    0,    0,    0],\n",
      "         ...,\n",
      "         [   0,    0,    0,  ...,    0,    0,    0],\n",
      "         [   0,    0,    0,  ...,    0,    0,    0],\n",
      "         [   0,    0,    0,  ...,    0,    0,    0]],\n",
      "\n",
      "        [[   0,    0,    0,  ...,    0,    0,    0],\n",
      "         [   0,    0,    0,  ...,    0,    0,    0],\n",
      "         [   0,    0,    0,  ...,    0,    0,    0],\n",
      "         ...,\n",
      "         [   0,    0,    0,  ...,    0,    0,    0],\n",
      "         [   0,    0,    0,  ...,    0,    0,    0],\n",
      "         [   0,    0,    0,  ...,    0,    0,    0]],\n",
      "\n",
      "        [[ 209,  257,  232,  ...,  194,  216,  230],\n",
      "         [ 204,  234,  250,  ...,  226,  185,  191],\n",
      "         [ 188,  200,  195,  ...,  188,  238,  224],\n",
      "         ...,\n",
      "         [ 993,  951, 1001,  ...,  269,  285,  293],\n",
      "         [ 821,  896, 1082,  ...,  285,  298,  318],\n",
      "         [ 982,  961,  915,  ...,  318,  346,  252]],\n",
      "\n",
      "        [[ 982,  961,  915,  ...,  318,  346,  252],\n",
      "         [ 821,  896, 1082,  ...,  285,  298,  318],\n",
      "         [ 993,  951, 1001,  ...,  269,  285,  293],\n",
      "         ...,\n",
      "         [ 188,  200,  195,  ...,  188,  238,  224],\n",
      "         [ 204,  234,  250,  ...,  226,  185,  191],\n",
      "         [ 209,  257,  232,  ...,  194,  216,  230]]], dtype=torch.int32)\n",
      "tensor([[[   0,    0,    0,  ...,    0,    0,    0],\n",
      "         [   0,    0,    0,  ...,    0,    0,    0],\n",
      "         [   0,    0,    0,  ...,    0,    0,    0],\n",
      "         ...,\n",
      "         [   0,    0,    0,  ...,    0,    0,    0],\n",
      "         [   0,    0,    0,  ...,    0,    0,    0],\n",
      "         [   0,    0,    0,  ...,    0,    0,    0]],\n",
      "\n",
      "        [[   0,    0,    0,  ...,    0,    0,    0],\n",
      "         [   0,    0,    0,  ...,    0,    0,    0],\n",
      "         [   0,    0,    0,  ...,    0,    0,    0],\n",
      "         ...,\n",
      "         [   0,    0,    0,  ...,    0,    0,    0],\n",
      "         [   0,    0,    0,  ...,    0,    0,    0],\n",
      "         [   0,    0,    0,  ...,    0,    0,    0]],\n",
      "\n",
      "        [[ 209,  257,  232,  ...,  194,  216,  230],\n",
      "         [ 204,  234,  250,  ...,  226,  185,  191],\n",
      "         [ 188,  200,  195,  ...,  188,  238,  224],\n",
      "         ...,\n",
      "         [ 993,  951, 1001,  ...,  269,  285,  293],\n",
      "         [ 821,  896, 1082,  ...,  285,  298,  318],\n",
      "         [ 982,  961,  915,  ...,  318,  346,  252]],\n",
      "\n",
      "        [[ 982,  961,  915,  ...,  318,  346,  252],\n",
      "         [ 821,  896, 1082,  ...,  285,  298,  318],\n",
      "         [ 993,  951, 1001,  ...,  269,  285,  293],\n",
      "         ...,\n",
      "         [ 188,  200,  195,  ...,  188,  238,  224],\n",
      "         [ 204,  234,  250,  ...,  226,  185,  191],\n",
      "         [ 209,  257,  232,  ...,  194,  216,  230]]], dtype=torch.int32)\n",
      "5\n",
      "tensor([[[ 230,  216,  194,  ...,  232,  257,  209],\n",
      "         [ 191,  185,  226,  ...,  250,  234,  204],\n",
      "         [ 224,  238,  188,  ...,  195,  200,  188],\n",
      "         ...,\n",
      "         [ 293,  285,  269,  ..., 1001,  951,  993],\n",
      "         [ 318,  298,  285,  ..., 1082,  896,  821],\n",
      "         [ 252,  346,  318,  ...,  915,  961,  982]],\n",
      "\n",
      "        [[   0,    0,    0,  ...,    0,    0,    0],\n",
      "         [   0,    0,    0,  ...,    0,    0,    0],\n",
      "         [   0,    0,    0,  ...,    0,    0,    0],\n",
      "         ...,\n",
      "         [   0,    0,    0,  ...,    0,    0,    0],\n",
      "         [   0,    0,    0,  ...,    0,    0,    0],\n",
      "         [   0,    0,    0,  ...,    0,    0,    0]],\n",
      "\n",
      "        [[   0,    0,    0,  ...,    0,    0,    0],\n",
      "         [   0,    0,    0,  ...,    0,    0,    0],\n",
      "         [   0,    0,    0,  ...,    0,    0,    0],\n",
      "         ...,\n",
      "         [   0,    0,    0,  ...,    0,    0,    0],\n",
      "         [   0,    0,    0,  ...,    0,    0,    0],\n",
      "         [   0,    0,    0,  ...,    0,    0,    0]],\n",
      "\n",
      "        [[   0,    0,    0,  ...,    0,    0,    0],\n",
      "         [   0,    0,    0,  ...,    0,    0,    0],\n",
      "         [   0,    0,    0,  ...,    0,    0,    0],\n",
      "         ...,\n",
      "         [   0,    0,    0,  ...,    0,    0,    0],\n",
      "         [   0,    0,    0,  ...,    0,    0,    0],\n",
      "         [   0,    0,    0,  ...,    0,    0,    0]]], dtype=torch.int32)\n",
      "tensor([[[ 230,  216,  194,  ...,  232,  257,  209],\n",
      "         [ 191,  185,  226,  ...,  250,  234,  204],\n",
      "         [ 224,  238,  188,  ...,  195,  200,  188],\n",
      "         ...,\n",
      "         [ 293,  285,  269,  ..., 1001,  951,  993],\n",
      "         [ 318,  298,  285,  ..., 1082,  896,  821],\n",
      "         [ 252,  346,  318,  ...,  915,  961,  982]],\n",
      "\n",
      "        [[   0,    0,    0,  ...,    0,    0,    0],\n",
      "         [   0,    0,    0,  ...,    0,    0,    0],\n",
      "         [   0,    0,    0,  ...,    0,    0,    0],\n",
      "         ...,\n",
      "         [   0,    0,    0,  ...,    0,    0,    0],\n",
      "         [   0,    0,    0,  ...,    0,    0,    0],\n",
      "         [   0,    0,    0,  ...,    0,    0,    0]],\n",
      "\n",
      "        [[   0,    0,    0,  ...,    0,    0,    0],\n",
      "         [   0,    0,    0,  ...,    0,    0,    0],\n",
      "         [   0,    0,    0,  ...,    0,    0,    0],\n",
      "         ...,\n",
      "         [   0,    0,    0,  ...,    0,    0,    0],\n",
      "         [   0,    0,    0,  ...,    0,    0,    0],\n",
      "         [   0,    0,    0,  ...,    0,    0,    0]],\n",
      "\n",
      "        [[   0,    0,    0,  ...,    0,    0,    0],\n",
      "         [   0,    0,    0,  ...,    0,    0,    0],\n",
      "         [   0,    0,    0,  ...,    0,    0,    0],\n",
      "         ...,\n",
      "         [   0,    0,    0,  ...,    0,    0,    0],\n",
      "         [   0,    0,    0,  ...,    0,    0,    0],\n",
      "         [   0,    0,    0,  ...,    0,    0,    0]]], dtype=torch.int32)\n",
      "6\n",
      "tensor([[[ 196,  242,  225,  ...,  234,  209,  218],\n",
      "         [ 208,  199,  208,  ...,  207,  208,  211],\n",
      "         [ 206,  230,  221,  ...,  202,  214,  166],\n",
      "         ...,\n",
      "         [ 993,  941,  931,  ...,  348,  281,  269],\n",
      "         [ 818, 1080,  952,  ...,  284,  360,  264],\n",
      "         [ 935, 1024, 1032,  ...,  281,  354,  340]],\n",
      "\n",
      "        [[ 935, 1024, 1032,  ...,  281,  354,  340],\n",
      "         [ 818, 1080,  952,  ...,  284,  360,  264],\n",
      "         [ 993,  941,  931,  ...,  348,  281,  269],\n",
      "         ...,\n",
      "         [ 206,  230,  221,  ...,  202,  214,  166],\n",
      "         [ 208,  199,  208,  ...,  207,  208,  211],\n",
      "         [ 196,  242,  225,  ...,  234,  209,  218]],\n",
      "\n",
      "        [[ 218,  209,  234,  ...,  225,  242,  196],\n",
      "         [ 211,  208,  207,  ...,  208,  199,  208],\n",
      "         [ 166,  214,  202,  ...,  221,  230,  206],\n",
      "         ...,\n",
      "         [ 269,  281,  348,  ...,  931,  941,  993],\n",
      "         [ 264,  360,  284,  ...,  952, 1080,  818],\n",
      "         [ 340,  354,  281,  ..., 1032, 1024,  935]],\n",
      "\n",
      "        [[   0,    0,    0,  ...,    0,    0,    0],\n",
      "         [   0,    0,    0,  ...,    0,    0,    0],\n",
      "         [   0,    0,    0,  ...,    0,    0,    0],\n",
      "         ...,\n",
      "         [   0,    0,    0,  ...,    0,    0,    0],\n",
      "         [   0,    0,    0,  ...,    0,    0,    0],\n",
      "         [   0,    0,    0,  ...,    0,    0,    0]]], dtype=torch.int32)\n",
      "tensor([[[ 196,  242,  225,  ...,  234,  209,  218],\n",
      "         [ 208,  199,  208,  ...,  207,  208,  211],\n",
      "         [ 206,  230,  221,  ...,  202,  214,  166],\n",
      "         ...,\n",
      "         [ 993,  941,  931,  ...,  348,  281,  269],\n",
      "         [ 818, 1080,  952,  ...,  284,  360,  264],\n",
      "         [ 935, 1024, 1032,  ...,  281,  354,  340]],\n",
      "\n",
      "        [[ 935, 1024, 1032,  ...,  281,  354,  340],\n",
      "         [ 818, 1080,  952,  ...,  284,  360,  264],\n",
      "         [ 993,  941,  931,  ...,  348,  281,  269],\n",
      "         ...,\n",
      "         [ 206,  230,  221,  ...,  202,  214,  166],\n",
      "         [ 208,  199,  208,  ...,  207,  208,  211],\n",
      "         [ 196,  242,  225,  ...,  234,  209,  218]],\n",
      "\n",
      "        [[ 218,  209,  234,  ...,  225,  242,  196],\n",
      "         [ 211,  208,  207,  ...,  208,  199,  208],\n",
      "         [ 166,  214,  202,  ...,  221,  230,  206],\n",
      "         ...,\n",
      "         [ 269,  281,  348,  ...,  931,  941,  993],\n",
      "         [ 264,  360,  284,  ...,  952, 1080,  818],\n",
      "         [ 340,  354,  281,  ..., 1032, 1024,  935]],\n",
      "\n",
      "        [[   0,    0,    0,  ...,    0,    0,    0],\n",
      "         [   0,    0,    0,  ...,    0,    0,    0],\n",
      "         [   0,    0,    0,  ...,    0,    0,    0],\n",
      "         ...,\n",
      "         [   0,    0,    0,  ...,    0,    0,    0],\n",
      "         [   0,    0,    0,  ...,    0,    0,    0],\n",
      "         [   0,    0,    0,  ...,    0,    0,    0]]], dtype=torch.int32)\n",
      "7\n"
     ]
    },
    {
     "name": "stdout",
     "output_type": "stream",
     "text": [
      "tensor([[[   0,    0,    0,  ...,    0,    0,    0],\n",
      "         [   0,    0,    0,  ...,    0,    0,    0],\n",
      "         [   0,    0,    0,  ...,    0,    0,    0],\n",
      "         ...,\n",
      "         [   0,    0,    0,  ...,    0,    0,    0],\n",
      "         [   0,    0,    0,  ...,    0,    0,    0],\n",
      "         [   0,    0,    0,  ...,    0,    0,    0]],\n",
      "\n",
      "        [[   0,    0,    0,  ...,    0,    0,    0],\n",
      "         [   0,    0,    0,  ...,    0,    0,    0],\n",
      "         [   0,    0,    0,  ...,    0,    0,    0],\n",
      "         ...,\n",
      "         [   0,    0,    0,  ...,    0,    0,    0],\n",
      "         [   0,    0,    0,  ...,    0,    0,    0],\n",
      "         [   0,    0,    0,  ...,    0,    0,    0]],\n",
      "\n",
      "        [[ 256,  228,  266,  ...,  178,  243,  248],\n",
      "         [ 225,  265,  249,  ...,  196,  230,  172],\n",
      "         [ 224,  225,  235,  ...,  238,  217,  171],\n",
      "         ...,\n",
      "         [1025, 1065,  969,  ...,  334,  326,  295],\n",
      "         [1024, 1017,  996,  ...,  305,  312,  283],\n",
      "         [ 949,  949, 1053,  ...,  303,  272,  310]],\n",
      "\n",
      "        [[ 949,  949, 1053,  ...,  303,  272,  310],\n",
      "         [1024, 1017,  996,  ...,  305,  312,  283],\n",
      "         [1025, 1065,  969,  ...,  334,  326,  295],\n",
      "         ...,\n",
      "         [ 224,  225,  235,  ...,  238,  217,  171],\n",
      "         [ 225,  265,  249,  ...,  196,  230,  172],\n",
      "         [ 256,  228,  266,  ...,  178,  243,  248]]], dtype=torch.int32)\n",
      "tensor([[[   0,    0,    0,  ...,    0,    0,    0],\n",
      "         [   0,    0,    0,  ...,    0,    0,    0],\n",
      "         [   0,    0,    0,  ...,    0,    0,    0],\n",
      "         ...,\n",
      "         [   0,    0,    0,  ...,    0,    0,    0],\n",
      "         [   0,    0,    0,  ...,    0,    0,    0],\n",
      "         [   0,    0,    0,  ...,    0,    0,    0]],\n",
      "\n",
      "        [[   0,    0,    0,  ...,    0,    0,    0],\n",
      "         [   0,    0,    0,  ...,    0,    0,    0],\n",
      "         [   0,    0,    0,  ...,    0,    0,    0],\n",
      "         ...,\n",
      "         [   0,    0,    0,  ...,    0,    0,    0],\n",
      "         [   0,    0,    0,  ...,    0,    0,    0],\n",
      "         [   0,    0,    0,  ...,    0,    0,    0]],\n",
      "\n",
      "        [[ 256,  228,  266,  ...,  178,  243,  248],\n",
      "         [ 225,  265,  249,  ...,  196,  230,  172],\n",
      "         [ 224,  225,  235,  ...,  238,  217,  171],\n",
      "         ...,\n",
      "         [1025, 1065,  969,  ...,  334,  326,  295],\n",
      "         [1024, 1017,  996,  ...,  305,  312,  283],\n",
      "         [ 949,  949, 1053,  ...,  303,  272,  310]],\n",
      "\n",
      "        [[ 949,  949, 1053,  ...,  303,  272,  310],\n",
      "         [1024, 1017,  996,  ...,  305,  312,  283],\n",
      "         [1025, 1065,  969,  ...,  334,  326,  295],\n",
      "         ...,\n",
      "         [ 224,  225,  235,  ...,  238,  217,  171],\n",
      "         [ 225,  265,  249,  ...,  196,  230,  172],\n",
      "         [ 256,  228,  266,  ...,  178,  243,  248]]], dtype=torch.int32)\n",
      "8\n",
      "tensor([[[ 248,  243,  178,  ...,  266,  228,  256],\n",
      "         [ 172,  230,  196,  ...,  249,  265,  225],\n",
      "         [ 171,  217,  238,  ...,  235,  225,  224],\n",
      "         ...,\n",
      "         [ 295,  326,  334,  ...,  969, 1065, 1025],\n",
      "         [ 283,  312,  305,  ...,  996, 1017, 1024],\n",
      "         [ 310,  272,  303,  ..., 1053,  949,  949]],\n",
      "\n",
      "        [[   0,    0,    0,  ...,    0,    0,    0],\n",
      "         [   0,    0,    0,  ...,    0,    0,    0],\n",
      "         [   0,    0,    0,  ...,    0,    0,    0],\n",
      "         ...,\n",
      "         [   0,    0,    0,  ...,    0,    0,    0],\n",
      "         [   0,    0,    0,  ...,    0,    0,    0],\n",
      "         [   0,    0,    0,  ...,    0,    0,    0]],\n",
      "\n",
      "        [[   0,    0,    0,  ...,    0,    0,    0],\n",
      "         [   0,    0,    0,  ...,    0,    0,    0],\n",
      "         [   0,    0,    0,  ...,    0,    0,    0],\n",
      "         ...,\n",
      "         [   0,    0,    0,  ...,    0,    0,    0],\n",
      "         [   0,    0,    0,  ...,    0,    0,    0],\n",
      "         [   0,    0,    0,  ...,    0,    0,    0]],\n",
      "\n",
      "        [[   0,    0,    0,  ...,    0,    0,    0],\n",
      "         [   0,    0,    0,  ...,    0,    0,    0],\n",
      "         [   0,    0,    0,  ...,    0,    0,    0],\n",
      "         ...,\n",
      "         [   0,    0,    0,  ...,    0,    0,    0],\n",
      "         [   0,    0,    0,  ...,    0,    0,    0],\n",
      "         [   0,    0,    0,  ...,    0,    0,    0]]], dtype=torch.int32)\n",
      "tensor([[[ 248,  243,  178,  ...,  266,  228,  256],\n",
      "         [ 172,  230,  196,  ...,  249,  265,  225],\n",
      "         [ 171,  217,  238,  ...,  235,  225,  224],\n",
      "         ...,\n",
      "         [ 295,  326,  334,  ...,  969, 1065, 1025],\n",
      "         [ 283,  312,  305,  ...,  996, 1017, 1024],\n",
      "         [ 310,  272,  303,  ..., 1053,  949,  949]],\n",
      "\n",
      "        [[   0,    0,    0,  ...,    0,    0,    0],\n",
      "         [   0,    0,    0,  ...,    0,    0,    0],\n",
      "         [   0,    0,    0,  ...,    0,    0,    0],\n",
      "         ...,\n",
      "         [   0,    0,    0,  ...,    0,    0,    0],\n",
      "         [   0,    0,    0,  ...,    0,    0,    0],\n",
      "         [   0,    0,    0,  ...,    0,    0,    0]],\n",
      "\n",
      "        [[   0,    0,    0,  ...,    0,    0,    0],\n",
      "         [   0,    0,    0,  ...,    0,    0,    0],\n",
      "         [   0,    0,    0,  ...,    0,    0,    0],\n",
      "         ...,\n",
      "         [   0,    0,    0,  ...,    0,    0,    0],\n",
      "         [   0,    0,    0,  ...,    0,    0,    0],\n",
      "         [   0,    0,    0,  ...,    0,    0,    0]],\n",
      "\n",
      "        [[   0,    0,    0,  ...,    0,    0,    0],\n",
      "         [   0,    0,    0,  ...,    0,    0,    0],\n",
      "         [   0,    0,    0,  ...,    0,    0,    0],\n",
      "         ...,\n",
      "         [   0,    0,    0,  ...,    0,    0,    0],\n",
      "         [   0,    0,    0,  ...,    0,    0,    0],\n",
      "         [   0,    0,    0,  ...,    0,    0,    0]]], dtype=torch.int32)\n",
      "9\n",
      "tensor([[[ 199,  215,  244,  ...,  243,  221,  201],\n",
      "         [ 229,  243,  199,  ...,  174,  245,  219],\n",
      "         [ 218,  183,  240,  ...,  177,  183,  196],\n",
      "         ...,\n",
      "         [1001, 1031,  968,  ...,  334,  309,  314],\n",
      "         [1016,  989,  907,  ...,  334,  324,  339],\n",
      "         [ 904, 1115,  938,  ...,  339,  304,  304]],\n",
      "\n",
      "        [[ 904, 1115,  938,  ...,  339,  304,  304],\n",
      "         [1016,  989,  907,  ...,  334,  324,  339],\n",
      "         [1001, 1031,  968,  ...,  334,  309,  314],\n",
      "         ...,\n",
      "         [ 218,  183,  240,  ...,  177,  183,  196],\n",
      "         [ 229,  243,  199,  ...,  174,  245,  219],\n",
      "         [ 199,  215,  244,  ...,  243,  221,  201]],\n",
      "\n",
      "        [[ 201,  221,  243,  ...,  244,  215,  199],\n",
      "         [ 219,  245,  174,  ...,  199,  243,  229],\n",
      "         [ 196,  183,  177,  ...,  240,  183,  218],\n",
      "         ...,\n",
      "         [ 314,  309,  334,  ...,  968, 1031, 1001],\n",
      "         [ 339,  324,  334,  ...,  907,  989, 1016],\n",
      "         [ 304,  304,  339,  ...,  938, 1115,  904]],\n",
      "\n",
      "        [[   0,    0,    0,  ...,    0,    0,    0],\n",
      "         [   0,    0,    0,  ...,    0,    0,    0],\n",
      "         [   0,    0,    0,  ...,    0,    0,    0],\n",
      "         ...,\n",
      "         [   0,    0,    0,  ...,    0,    0,    0],\n",
      "         [   0,    0,    0,  ...,    0,    0,    0],\n",
      "         [   0,    0,    0,  ...,    0,    0,    0]]], dtype=torch.int32)\n",
      "tensor([[[ 199,  215,  244,  ...,  243,  221,  201],\n",
      "         [ 229,  243,  199,  ...,  174,  245,  219],\n",
      "         [ 218,  183,  240,  ...,  177,  183,  196],\n",
      "         ...,\n",
      "         [1001, 1031,  968,  ...,  334,  309,  314],\n",
      "         [1016,  989,  907,  ...,  334,  324,  339],\n",
      "         [ 904, 1115,  938,  ...,  339,  304,  304]],\n",
      "\n",
      "        [[ 904, 1115,  938,  ...,  339,  304,  304],\n",
      "         [1016,  989,  907,  ...,  334,  324,  339],\n",
      "         [1001, 1031,  968,  ...,  334,  309,  314],\n",
      "         ...,\n",
      "         [ 218,  183,  240,  ...,  177,  183,  196],\n",
      "         [ 229,  243,  199,  ...,  174,  245,  219],\n",
      "         [ 199,  215,  244,  ...,  243,  221,  201]],\n",
      "\n",
      "        [[ 201,  221,  243,  ...,  244,  215,  199],\n",
      "         [ 219,  245,  174,  ...,  199,  243,  229],\n",
      "         [ 196,  183,  177,  ...,  240,  183,  218],\n",
      "         ...,\n",
      "         [ 314,  309,  334,  ...,  968, 1031, 1001],\n",
      "         [ 339,  324,  334,  ...,  907,  989, 1016],\n",
      "         [ 304,  304,  339,  ...,  938, 1115,  904]],\n",
      "\n",
      "        [[   0,    0,    0,  ...,    0,    0,    0],\n",
      "         [   0,    0,    0,  ...,    0,    0,    0],\n",
      "         [   0,    0,    0,  ...,    0,    0,    0],\n",
      "         ...,\n",
      "         [   0,    0,    0,  ...,    0,    0,    0],\n",
      "         [   0,    0,    0,  ...,    0,    0,    0],\n",
      "         [   0,    0,    0,  ...,    0,    0,    0]]], dtype=torch.int32)\n",
      "10\n",
      "tensor([[[   0,    0,    0,  ...,    0,    0,    0],\n",
      "         [   0,    0,    0,  ...,    0,    0,    0],\n",
      "         [   0,    0,    0,  ...,    0,    0,    0],\n",
      "         ...,\n",
      "         [   0,    0,    0,  ...,    0,    0,    0],\n",
      "         [   0,    0,    0,  ...,    0,    0,    0],\n",
      "         [   0,    0,    0,  ...,    0,    0,    0]],\n",
      "\n",
      "        [[   0,    0,    0,  ...,    0,    0,    0],\n",
      "         [   0,    0,    0,  ...,    0,    0,    0],\n",
      "         [   0,    0,    0,  ...,    0,    0,    0],\n",
      "         ...,\n",
      "         [   0,    0,    0,  ...,    0,    0,    0],\n",
      "         [   0,    0,    0,  ...,    0,    0,    0],\n",
      "         [   0,    0,    0,  ...,    0,    0,    0]],\n",
      "\n",
      "        [[ 235,  229,  219,  ...,  239,  222,  223],\n",
